   1     -6.3721960 -0.637220E+01  0.531E+00    5.56       0.0  T
   2     -6.3876082 -0.154122E-01  0.316E+00    5.54       1.0  T
   3     -6.3880480 -0.439736E-03  0.806E-01    5.51       1.0  T
   4     -6.3882376 -0.189586E-03  0.800E-02    5.50       1.0  T
   5     -6.3882373  0.266868E-06  0.132E-02    5.50       3.1  T
   6     -6.3882377 -0.421828E-06  0.162E-03    5.50      25.1  T
   7     -6.3882377 -0.158651E-08  0.446E-04    5.50      91.6  T
   8     -6.3882377 -0.486136E-09  0.161E-06    5.50   25293.7  T
     SCC iter.                  ...        0 min,  1.808 sec
     gradient                   ...        0 min,  0.689 sec
